
3.56601528e-03 -9.45880234e-01 3.24496359e-01 8.12130496e-02
-9.99626517e-01 -1.21638551e-02 -2.44713575e-02 1.37957213e-02
2.70940997e-02 -3.24287921e-01 -9.45570350e-01 1.81311503e-01
0.00000000e+00 0.00000000e+00 0.00000000e+00 1.00000000e+00

-4.86816559e-03 -9.74536777e-01 2.24174753e-01 8.11206773e-02
-9.99643624e-01 -1.14150788e-03 -2.66705863e-02 1.56410504e-02
2.62473654e-02 -2.24224702e-01 -9.74183917e-01 2.58437753e-01
0.00000000e+00 0.00000000e+00 0.00000000e+00 1.00000000e+00

3.10199149e-03 -9.45896447e-01 3.24453831e-01 8.12028646e-02
-9.99627709e-01 -1.17284758e-02 -2.46355142e-02 1.38301700e-02
2.71079950e-02 -3.24256599e-01 -9.45580661e-01 1.81266651e-01
0.00000000e+00 0.00000000e+00 0.00000000e+00 1.00000000e+00

-4.77016298e-03 -9.74502325e-01 2.24326804e-01 8.11221525e-02
-9.99646366e-01 -1.22188719e-03 -2.65648495e-02 1.56318787e-02
2.61616074e-02 -2.24374190e-01 -9.74151850e-01 2.58432567e-01
0.00000000e+00 0.00000000e+00 0.00000000e+00 1.00000000e+00

3.18352995e-03 -9.45873678e-01 3.24519366e-01 8.11963305e-02
-9.99625802e-01 -1.18271085e-02 -2.46660542e-02 1.38271535e-02
2.71690972e-02 -3.24319392e-01 -9.45557356e-01 1.81264699e-01
0.00000000e+00 0.00000000e+00 0.00000000e+00 1.00000000e+00

-4.76921536e-03 -9.74499702e-01 2.24337980e-01 8.11378509e-02
-9.99647856e-01 -1.21036661e-03 -2.65092775e-02 1.56462230e-02
2.61048153e-02 -2.24385411e-01 -9.74150777e-01 2.58423686e-01
0.00000000e+00 0.00000000e+00 0.00000000e+00 1.00000000e+00

3.12317139e-03 -9.45918620e-01 3.24388891e-01 8.12035948e-02
-9.99632657e-01 -1.16865300e-02 -2.44536176e-02 1.38170179e-02
2.69221142e-02 -3.24193358e-01 -9.45607662e-01 1.81248829e-01
0.00000000e+00 0.00000000e+00 0.00000000e+00 1.00000000e+00

-4.76111937e-03 -9.74509120e-01 2.24297434e-01 8.11299905e-02
-9.99651074e-01 -1.18972280e-03 -2.63884142e-02 1.56348795e-02
2.59826016e-02 -2.24344805e-01 -9.74163413e-01 2.58407444e-01
0.00000000e+00 0.00000000e+00 0.00000000e+00 1.00000000e+00

3.03756772e-03 -9.45998907e-01 3.24155569e-01 8.12141150e-02
-9.99630630e-01 -1.16272680e-02 -2.45651715e-02 1.38295377e-02
2.70076692e-02 -3.23961198e-01 -9.45684791e-01 1.81233615e-01
0.00000000e+00 0.00000000e+00 0.00000000e+00 1.00000000e+00

-4.76067746e-03 -9.74522114e-01 2.24241003e-01 8.11260492e-02
-9.99649942e-01 -1.19849469e-03 -2.64312532e-02 1.56437512e-02
2.60265917e-02 -2.24288329e-01 -9.74175215e-01 2.58356363e-01
0.00000000e+00 0.00000000e+00 0.00000000e+00 1.00000000e+00

-9.53808241e-03 -9.88635302e-01 1.50030971e-01 4.00533006e-02
-9.99591589e-01 5.38463704e-03 -2.80658361e-02 1.48715293e-02
2.69390140e-02 -1.50237396e-01 -9.88282859e-01 2.48239040e-01
0.00000000e+00 0.00000000e+00 0.00000000e+00 1.00000000e+00

1.28521424e-05 -9.41815734e-01 3.36129665e-01 1.22538023e-01
-9.99673784e-01 -8.59691948e-03 -2.40498446e-02 1.63557976e-02
2.55402029e-02 -3.36019695e-01 -9.41508591e-01 2.64277339e-01
0.00000000e+00 0.00000000e+00 0.00000000e+00 1.00000000e+00

-9.70503036e-03 -9.88613605e-01 1.50163129e-01 4.00460586e-02
-9.99588490e-01 5.53759420e-03 -2.81460285e-02 1.48742869e-02
2.69940030e-02 -1.50374487e-01 -9.88260508e-01 2.48235226e-01
0.00000000e+00 0.00000000e+00 0.00000000e+00 1.00000000e+00

6.70714362e-05 -9.41944659e-01 3.35768104e-01 1.22594804e-01
-9.99677062e-01 -8.59573204e-03 -2.39142869e-02 1.63628850e-02
2.54121069e-02 -3.35658073e-01 -9.41641033e-01 2.64316887e-01
0.00000000e+00 0.00000000e+00 0.00000000e+00 1.00000000e+00

-9.52386204e-03 -9.88839984e-01 1.48676932e-01 4.01279964e-02
-9.99603391e-01 5.47415810e-03 -2.76237763e-02 1.48286903e-02
2.65016127e-02 -1.48881063e-01 -9.88499939e-01 2.48226598e-01
0.00000000e+00 0.00000000e+00 0.00000000e+00 1.00000000e+00

4.86959209e-04 -9.42235470e-01 3.34950835e-01 1.22695670e-01
-9.99680459e-01 -8.92437343e-03 -2.36514043e-02 1.63912307e-02
2.52744202e-02 -3.34832281e-01 -9.41938698e-01 2.64357835e-01
0.00000000e+00 0.00000000e+00 0.00000000e+00 1.00000000e+00

-9.56597179e-03 -9.88832176e-01 1.48726031e-01 4.01255600e-02
-9.99608696e-01 5.54671232e-03 -2.74159219e-02 1.48409419e-02
2.62848064e-02 -1.48930103e-01 -9.88498330e-01 2.48218626e-01
0.00000000e+00 0.00000000e+00 0.00000000e+00 1.00000000e+00

9.79008852e-04 -9.42597568e-01 3.33929420e-01 1.22791588e-01
-9.99688864e-01 -9.24527459e-03 -2.31661815e-02 1.63788591e-02
2.49236561e-02 -3.33802849e-01 -9.42313373e-01 2.64305443e-01
0.00000000e+00 0.00000000e+00 0.00000000e+00 1.00000000e+00

-9.64521430e-03 -9.88882720e-01 1.48384318e-01 4.01750356e-02
-9.99608397e-01 5.63705014e-03 -2.74089333e-02 1.48505922e-02
2.62677707e-02 -1.48590565e-01 -9.88549888e-01 2.48265967e-01
0.00000000e+00 0.00000000e+00 0.00000000e+00 1.00000000e+00

5.51473117e-04 -9.42941964e-01 3.32956761e-01 1.22823894e-01
-9.99696374e-01 -8.72232579e-03 -2.30460595e-02 1.64177045e-02
2.46352516e-02 -3.32842946e-01 -9.42660451e-01 2.64286548e-01
0.00000000e+00 0.00000000e+00 0.00000000e+00 1.00000000e+00

-2.58519920e-03 -9.41770613e-01 3.36246014e-01 1.23073071e-01
-9.99986053e-01 3.98529973e-03 3.47387046e-03 -2.60695647e-02
-4.61163046e-03 -3.36232334e-01 -9.41767812e-01 2.65073985e-01
0.00000000e+00 0.00000000e+00 0.00000000e+00 1.00000000e+00

2.48110779e-02 -9.49020863e-01 3.14235210e-01 1.24034956e-01
-9.95586395e-01 -5.19157462e-02 -7.81820565e-02 6.15765154e-02
9.05101597e-02 -3.10908526e-01 -9.46120381e-01 2.65767962e-01
0.00000000e+00 0.00000000e+00 0.00000000e+00 1.00000000e+00

-2.62992317e-03 -9.41788316e-01 3.36196184e-01 1.23077467e-01
-9.99985635e-01 4.04752744e-03 3.51589010e-03 -2.60732975e-02
-4.67198761e-03 -3.36182117e-01 -9.41785395e-01 2.65080154e-01
0.00000000e+00 0.00000000e+00 0.00000000e+00 1.00000000e+00

2.49980763e-02 -9.49014008e-01 3.14241141e-01 1.24018081e-01
-9.95568871e-01 -5.21374941e-02 -7.82580674e-02 6.15850799e-02
9.06517506e-02 -3.10892403e-01 -9.46112156e-01 2.65803844e-01
0.00000000e+00 0.00000000e+00 0.00000000e+00 1.00000000e+00

-2.75419606e-03 -9.41717327e-01 3.36393982e-01 1.23027653e-01
-9.99986529e-01 4.07386897e-03 3.21728177e-03 -2.60454826e-02
-4.40019509e-03 -3.36380601e-01 -9.41715837e-01 2.65022844e-01
0.00000000e+00 0.00000000e+00 0.00000000e+00 1.00000000e+00

2.35378463e-02 -9.49816048e-01 3.11922163e-01 1.23940527e-01
-9.95676398e-01 -5.03166728e-02 -7.80820027e-02 6.15324602e-02
8.98584202e-02 -3.08735669e-01 -9.46893752e-01 2.65502423e-01
0.00000000e+00 0.00000000e+00 0.00000000e+00 1.00000000e+00

-2.72272411e-03 -9.41826999e-01 3.36087018e-01 1.23061523e-01
-9.99986947e-01 4.01706435e-03 3.15600121e-03 -2.60510556e-02
-4.32249065e-03 -3.36074054e-01 -9.41825628e-01 2.65034169e-01
0.00000000e+00 0.00000000e+00 0.00000000e+00 1.00000000e+00

2.33521294e-02 -9.50434625e-01 3.10046285e-01 1.23993061e-01
-9.95668173e-01 -5.00292927e-02 -7.83708841e-02 6.15196526e-02
8.99977982e-02 -3.06873083e-01 -9.47485805e-01 2.65401125e-01
0.00000000e+00 0.00000000e+00 0.00000000e+00 1.00000000e+00

-2.85309483e-03 -9.41701472e-01 3.36437553e-01 1.23092316e-01
-9.99985456e-01 4.22849134e-03 3.35552054e-03 -2.60693226e-02
-4.58252197e-03 -3.36423099e-01 -9.41699803e-01 2.65077710e-01
0.00000000e+00 0.00000000e+00 0.00000000e+00 1.00000000e+00

2.14805342e-02 -9.49467540e-01 3.13129306e-01 1.23910807e-01
-9.95999157e-01 -4.74970043e-02 -7.56948367e-02 6.15017712e-02
8.67424980e-02 -3.10250551e-01 -9.46689129e-01 2.65333086e-01
0.00000000e+00 0.00000000e+00 0.00000000e+00 1.00000000e+00

